21 0.0272778 -0.0906232 -0.0423737 -0.0143332 0.0804209 -0.0806957 11 16 25 65 131 20 3 0 0 0 0 0 0 0 -524 -27 35 27 57 28 272 98 72 2 -46 -577 28 13 5 0 0 0 0 0 0 0 0 0 0 0
21 -0.00613406 -0.0259226 -0.00105527 0.00180405 0.000604451 -0.00138015 30 32 8 -3 15 0 -2 -1 0 0 0 -1 2 -8 -242 290 -17 -15 -37 -36 -20 3 1 -6 4 78 -26 -6 -6 -7 0 0 0 0 0 0 0 0 0 0
31 0.00642209 -0.0102976 0.00106668 -0.001021 0.0209301 0.00582826 3 3 7 5 0 0 0 0 0 0 0 0 0 19 -2 -16 0 2 1 1 3 10 2 2 3 19 -5 11 -18 -4 0 0 0 0 0 0 0 0 0 0
21 0.00163515 -0.0476128 -0.000584781 -0.00644383 -0.00700563 0.00331235 -14 -11 49 107 32 0 1 28 -26 4 0 6 -9 -75 -91 -18 0 0 0 -13 -4 -12 7 4 168 -165 -14 -4 -5 -5 0 0 0 0 0 0 0 0 0 0
21 -0.00845022 -0.0322916 -0.00373214 0.00936928 0.0125612 -6.77109e-05 118 85 49 38 16 -1 -54 -64 1 17 9 -2 1 -29 -78 -101 30 -1 2 27 0 17 24 29 135 34 -46 -8 -10 -112 0 0 0 0 0 0 0 0 0 0
21 0.00461695 -0.0946097 -0.0041461 0.000848055 -0.00773066 0.00674105 0 -2 -18 0 25 0 0 0 0 0 0 0 0 0 -53 -3 0 0 0 0 -2 -16 -29 48 4 -6 -25 -19 -6 0 0 0 0 0 0 0 0 0 0 0
31 -0.0171214 -0.143141 -0.00472584 -0.0029054 -0.0115278 -0.0129493 -50 -15 -5 33 76 0 -1 0 0 0 0 -1 -2 -64 -101 -12 -22 -32 -30 -59 -12 -15 -35 -19 -32 -37 -34 -35 -42 -24 0 0 0 0 0 0 0 0 0 0
21 -0.0287354 -0.088577 -0.00790393 0.00100669 -0.0191131 0.00107408 -30 15 8 25 54 -1 0 0 -1 0 0 -1 -2 -36 -83 -4 -4 -24 -18 -66 -18 1 3 -24 -13 13 -39 -35 -30 -26 0 0 0 0 0 0 0 0 0 0
21 -0.0867186 -0.117036 -0.00153768 -0.00932643 -0.0155975 -0.00913477 -56 -117 -41 -28 139 19 0 0 0 0 0 0 0 -5 -125 -74 -34 -5 0 0 -12 -85 -35 65 7 -132 -40 -45 -35 -15 0 0 0 0 0 0 0 0 0 0
31 0.00167915 -0.00146352 -0.0013963 -0.00331104 0.000997931 0.00150537 -16 -4 19 -2 0 0 0 0 0 0 0 0 0 -8 -16 0 0 1 0 -11 0 0 1 16 -42 -12 0 0 0 0 0 0 0 0 0 0 0 0 0 0
1000 0 0 0 0 0 0 0 0 0 0 0 0 0 0 0 0 0 0 0 0 0 0 0 0 0 0 0 0 0 0 0 0 0 0 0 0 0 0 0 0 0 0 0 0 0 0
