21 -0.00189431 0.125056 -0.0344275 -0.00889441 0.0907012 -0.0786619 92 51 58 39 55 3 0 0 0 0 0 0 10 51 -24 -403 27 29 51 205 425 224 47 0 -112 -465 -11 13 72 51 0 0 0 0 0 0 0 0 0 0
1 -0.430472 -3.68218e+180 -3.17096e+180 0.145536 -7.24128e+223 -4.27256e+180 98 81 72 -4.27243e+180 -3.42134e+180 -7.21619e-67 -1.81597e-152 -6.01347e-154 -6.01347e-154 -6.01347e-154 -2.14978e-80 -7.2379e+159 -4.44388e+252 -2.65682e+233 216 -3.68218e+180 -1.94623e+227 -2.98776e+180 -6.94407e+218 -5.04032e+180 309 60 33 24 -3.42134e+180 -3.81692e+180 -8.19834e+247 74 89 106 -1.35844e+161 -1.46922e+195 -4.44388e+252 -4.46549e+217 -1.81786e+185 -1.47926e+248 -1.27738e-153 -3.11371e+238 -8.72442e+252 3.15859e+233
1 -0.414718 -5.09089e+58 -1.63504e+45 -6.96772e+252 -7.85158e+59 -1.00656e+200 -4.43266e+25 -1.80805e-259 -8.85849e+78 -1.64908e+93 -6.96772e+252 -2.64727e+93 -9.60675e-37 -1.99568e+45 -1.36216e+69 -6.96772e+252 -6.22301e+88 -1.51083e-13 -9.60675e-37 -2.92584e+59 418 145 -6.14407e+255 -1.15481e+21 -1.00656e+200 -6.8354e+25 -7.79306e+179 -1.5048e+161 -6.01347e-154 -6.01347e-154 -6.01347e-154 -1.5048e+161 171 -2.58676e+161 -1.67501e+243 -1.4438e+246 -1.05321e+248 -6.01347e-154 -6.01347e-154 -6.01347e-154 -5.29423e+160 -1.27616e-152 -2.51312e+180 -1.43397e+166 -4.89189e-85 9.87755e+121
1 0.0371486 -0.0306333 0.0376173 -0.0151168 0.00627652 0.0831219 -17 -7 66 112 0 1 3 21 26 15 16 14 23 96 79 -96 19 -3 -6 -36 -7 -15 -9 5 126 268 -72 -77 -48 155 0 0 0 0 0 0 0 0 0 0
1 -0.0573199 -0.0450085 -0.0103956 0.0332682 0.0317875 -0.0204484 -14 -53 -185 -122 7 15 7 49 40 0 -3 -3 1 -108 644 -17 0 19 7 72 -2 -16 -23 -25 -112 320 29 23 18 144 0 0 0 0 0 0 0 0 0 0
31 -0.00777158 0.00797683 -0.00147152 0.000514746 0.00167549 -0.00096035 26 24 18 29 6 16 -65 60 20 1 -1 4 3 0 108 -131 0 2 16 12 10 7 7 4 63 32 -12 3 -5 39 0 0 0 0 0 0 0 0 0 0
1 -0.518219 -5.09089e+58 -1.63504e+45 -6.96772e+252 -7.85158e+59 -1.00656e+200 -4.43266e+25 76 -8.85849e+78 -1.64908e+93 -6.96772e+252 -2.64727e+93 29 -1.99568e+45 -1.36216e+69 -6.96772e+252 -6.22301e+88 3 5 -2.92584e+59 171 368 -6.14407e+255 -1.15481e+21 -1.00656e+200 -6.8354e+25 -7.79306e+179 -1.5048e+161 55 34 391 -1.5048e+161 45 -2.58676e+161 -1.67501e+243 -1.4438e+246 -1.05321e+248 -6.01347e-154 -6.01347e-154 -6.01347e-154 -5.29423e+160 -1.27616e-152 -2.51312e+180 -1.43397e+166 -4.89189e-85 9.87755e+121
1 -6.98111e+194 -7.69847e+218 -2.31076e+251 -3.80986e+180 -2.34841e+251 -5.62167e+175 -7.04774e+96 -1.62691e+219 -4.25481e+228 184 31 -1.03879e-13 -1.03879e-13 -1.03879e-13 -1.03879e-13 -1.03879e-13 -1.03879e-13 -1.03879e-13 -1.03879e-13 -4.00865e+35 -1.02686e+248 -2.64278e+180 -5.04744e+223 -4.909e+252 -4.19333e+228 -1.14198e+243 -3.58848e+246 -2.02714e+174 -4.27256e+180 -5.81948e+199 -6.18925e+223 -1.54601e+256 -3.10132e+169 -1.36457e+161 -7.49093e+247 -2.02714e+174 -2.4125e+198 -8.42241e+252 -3.10348e+169 -3.99371e+252 -3.44682e-85 -4.96011e+180 -1.82822e+44 -5.03943e+180 -7.86517e+276 -5.9372e+247
21 -0.00523219 0.173434 0.00618985 -0.00105864 0.0139605 0.00155586 36 27 -42 -47 -1 -3 1 0 0 0 1 1 82 55 -9 -14 20 42 72 57 9 24 45 46 0 -3 37 42 42 36 0 0 0 0 0 0 0 0 0 0
1 0.043033 0.0427978 -0.00115627 0.00978667 -0.00146753 0.0122784 20 6 15 -52 0 0 0 -2 0 1 1 1 2 68 -1 22 31 1 11 13 0 19 1 0 16 17 34 33 13 4 0 0 0 0 0 0 0 0 0 0
1000 0 0 0 0 0 0 0 0 0 0 0 0 0 0 0 0 0 0 0 0 0 0 0 0 0 0 0 0 0 0 0 0 0 0 0 0 0 0 0 0 0 0 0 0 0 0
1000 0 0 0 0 0 0 0 0 0 0 0 0 0 0 0 0 0 0 0 0 0 0 0 0 0 0 0 0 0 0 0 0 0 0 0 0 0 0 0 0 0 0 0 0 0 0
1000 0 0 0 0 0 0 0 0 0 0 0 0 0 0 0 0 0 0 0 0 0 0 0 0 0 0 0 0 0 0 0 0 0 0 0 0 0 0 0 0 0 0 0 0 0 0
1000 0 0 0 0 0 0 0 0 0 0 0 0 0 0 0 0 0 0 0 0 0 0 0 0 0 0 0 0 0 0 0 0 0 0 0 0 0 0 0 0 0 0 0 0 0 0
