21 0.0363472 -0.104336 -0.000987679 0.00356728 -0.00747937 -0.00776905 -13 -36 -34 25 43 16 0 0 0 0 0 0 0 0 -44 -27 0 0 0 0 -1 -30 2 68 -10 -55 -23 -18 -3 0 0 0 0 0 0 0 0 0 0 0
22 -0.107503 -0.0799496 -0.0368772 0.0751895 0.00651854 -0.0827352 -149 -79 -125 -41 0 0 0 0 0 0 0 0 7 -2 -7 0 0 0 0 -113 10 -14 -21 -21 -277 -182 -9 0 0 5 0 0 0 0 0 0 0 0 0 0
22 -0.0840044 0.00599006 0.00266802 -0.000791132 -0.000920951 0.000250816 -170 -46 -16 138 123 7 18 2 -3 0 1 0 -3 -2 -16 -129 13 52 -92 -171 -2 -48 -37 -18 44 -218 -17 -12 -4 18 0 0 0 0 0 0 0 0 0 0
22 -0.153382 -0.00969675 0.00216195 -0.00751564 -0.00765866 -0.00351554 -17 23 40 -90 5 -12 -6 -1 1 5 -1 -1 0 -3 -37 -6 -43 -14 -6 0 -61 -3 -14 4 -4 -34 -11 -9 -8 -23 0 0 0 0 0 0 0 0 0 0
22 -0.114956 0.0230164 0.00361854 -0.01179 -0.000819743 0.00355399 5 104 100 -169 -23 2 1 7 5 -32 -13 -1 -17 -29 -77 -24 -1 0 8 13 0 -5 4 12 103 -127 -24 -17 -25 -62 0 0 0 0 0 0 0 0 0 0
22 -0.132816 -0.0273195 0.00426108 -0.00909966 0.00351876 0.000816941 142 26 -7 -14 44 0 0 -17 -87 -18 0 -8 -14 -27 -209 -108 -1 -13 14 -39 -6 -10 3 8 193 -272 -34 -18 -30 -170 0 0 0 0 0 0 0 0 0 0
22 -0.176128 -0.0228047 0.00442708 0.00857475 -0.005005 0.000508904 0 -4 109 -175 -1 0 0 0 0 0 0 0 0 0 0 0 0 0 0 0 0 -12 -23 -19 -17 0 0 0 0 0 0 0 0 0 0 0 0 0 0 0
22 -0.10174 0.00917292 0.00414497 -0.0280954 -0.00256288 0.0138825 -5 -10 21 59 0 0 0 0 0 -1 -1 -1 -3 -23 -32 -71 -42 -38 -1 21 -11 -24 13 -26 -12 75 -51 -21 -47 -23 0 0 0 0 0 0 0 0 0 0
22 -0.126047 -0.0207966 -0.000201076 -0.0159372 -0.00766593 0.00658125 21 35 -21 -77 2 0 0 0 0 0 0 0 0 -2 -37 0 0 0 0 -9 0 -2 -25 -38 -16 23 -25 -5 0 0 0 0 0 0 0 0 0 0 0 0
1000 0 0 0 0 0 0 0 0 0 0 0 0 0 0 0 0 0 0 0 0 0 0 0 0 0 0 0 0 0 0 0 0 0 0 0 0 0 0 0 0 0 0 0 0 0 0
1000 0 0 0 0 0 0 0 0 0 0 0 0 0 0 0 0 0 0 0 0 0 0 0 0 0 0 0 0 0 0 0 0 0 0 0 0 0 0 0 0 0 0 0 0 0 0
